35456358
35456234
35466918
35459954
35458673
35465057
35450553
35453407
35466991
35453936
35458820
35461376
35460341
35460905
35465270
35466537
35459005
35460615
35461304
35460169
35459203
35455476
35460613
35460604
35459006
35457410
35465074
35463180
35459087
35467720
35457495
35460596
35460987
35461987
35465671
35461607
35455626
35460367
35450615
35467712
35460043
35460576
35458665
35456400
35464904
35459078
35466856
35465107
35460448
35465227
35461657
35456236
35467748
35453720
35458716
35466733
35466745
35466411
35454939
35452509
35454255
35461762
35467627
35460453
35450587
35457607
35456371
35460471
35452508
35460622
35462127
35461587
35459103
35460112
35452516
35460524
35461501
35464846
35461774
35461603
35455630
35460498
35465243
35459977
35453727
35460701
35450596
35453939
35461739
35467105
35461612
35460153
35460656
35458654
35461295
35453282
35465320
35453926
35460106
35452015
35461591
35461856
35458867
35466489
35464943
35459990
35460909
35465013
35458891
35453691
35452690
35457510
35461619
35467028
35460322
35460675
35456023
35461675
35460612
35460511
35460778
35466465
35465398
35466737
35466739
35461294
35467757
35457372
35459788
35460548
35450607
35462158
35460767
35454010
35457369
35455724
35454026
35458700
35461705
35454023
35460531
35461291
35461671
35460518
35461991
35466451
35464972
35460505
35460385
35456350
35466996
35460664
35460232
35458701
35457358
35453693
35460410
35450608
35455621
35459482
35457303
35460300
35456198
35457373
35456459
35462162
35460404
35460396
35460561
35461679
35453609
35459189
35460784
35461620
35451044
35467759
35462169
35459028
35458986
35465061
35465667
35455899
35457497
35461534
35457295
35461665
35462106
35460142
35465219
35468417
35453489
35458024
35465747
35460764
35463565
35465269
35460499
35466428
35460395
35460439
35452598
35464742
35465242
35465201
35465056
35458988
35461606
35465102
35460732
35461569
35461649
35460619
35460655
35461681
35454132
35455469
35456347
35454935
35466989
35461919
35461604
35453255
35464982
35461766
35461613
35460277
35460691
35456357
35466792
35453928
35455623
35450613
35462389
35459019
35455935
35458674
35464985
35467661
35460449
35461541
35459185
35466969
35460532
35456386
35461662
35452016
35456370
35466917
35465078
35460239
35462126
35461301
35459039
35464868
35460478
35458821
35460323
35450551
35460321
35452076
35468419
35467069
35467569
35465607
35457511
35460586
35460207
35456356
35460558
35460659
35452664
35454934
35460672
35464741
35460552
35460096
35459032
35460064
35457351
35462006
35466454
35467091
35460557
35460544
35465194
35460580
35465010
35461533
35467516
35466535
35460591
35453689
35466431
35460456
35460628
35466865
35465698
35455745
35461540
35465661
35451887
35453724
35460673
35462391
35465014
35461738
35459024
35460386
35456353
35454011
35455748
35460483
35460550
35461236
35461631
35466700
35462153
35450589
35461563
35465054
35466447
35453739
35465675
35460474
35456154
35461520
35465077
35461298
35457156
35460554
35459170
35466448
35467092
35452678
35461543
35460408
35467048
35461575
35456037
35455739
35459142
35465662
35460092
35465323
35465225
35460066
35453283
35460714
35461664
35465018
35466982
35467629
35460369
35454016
35461302
35461759
35459483
35461730
35460110
35462156
35459112
35455732
35460249
35461628
35457357
35466445
35460233
35466931
35461812
35457517
35452512
35455571
35460670
35466966
35460568
35456028
35459176
35458987
35460562
35461650
35461811
35457302
35453767
35467100
35460117
35460663
35455466
35460600
35462160
35454203
35460770
35452665
35464732
35453889
35469141
35465664
35461583
35457362
35455611
35459043
35459094
35456155
35462359
35466932
35457666
35457136
35453931
35460697
35463973
35466920
35453877
35466473
35460553
35464941
35461642
35459056
35456043
35455629
35457504
35461817
35461638
35461819
35450756
35455918
35457509
35450559
35466419
35453408
