36929192 
36731518 
120442962 
46375658 
3066240 
14499622 
35588177 
43666944 
111572285 
121199183 
735295 
1651924 
1601256 
139979371 
1744236 
119423545 
46339895 
585287 
223099 
1764238 
1609254 
134514425 
179309 
125927011 
42239477 
46327729 
41944289 
44456989 
991297 
154776953 
123088622 
929435 
112191618  
25785216 
121199183 
120442962 
46258098 
154639433 
154520275 
154520091 
154179119 
113919174 
225637 
36864746 
40508157 
139860656 
344378 
36731587 
4353226 
112063592 
149040546 
3184892 
44029902 
3336200 
1507689 
126832205 
13909018 
111707038 
46280720 
142011443
118457268
142704145
133298217