140753970
148412762
140658524
140698218
147101337
147454239
145831079
157422298
1605393
154773422
157316851
120380324
724739
643720
122945932
46144637
2966681
111076815
135455540
134878961
129565847
137057945
132304996
132050146
131847594
135840342
133582635
135207626
136332434
133761654
135251709
133628954
133912847
131925531
130997943
153447563
152230184
152653232
152852047
153653785
153073084
153166792
153131334
152444099
153355791
152596204
152778456
153180116
153262050
153615422
153300110
152690417
153124268
153008056
152399856
151952341
149649836
150086826
150253470
148882276
151940624
150815059
150941386
149945023
149068104
149088565
150891236
151759418
149629150
150904862
151734825
150536644
149844904
150895006
151326720
118170939
45997057
42270517
44983747
46329903
118946615
49192149
46279443
45886037
113899973
46165811
114272243
111828037
46390071
46428879
118352815
45685568
119493261
46405246
111047041
127248746
127189193
125000052
124746961
124937872
124246795
128831686
128450383
124399305
126583286
120593626
125899974
123701210
121552176
127640248
123216935
121209878
125493462
126678246
124804658
2449541
45556895
717406
147697838
42007448
387095
314527
11181186
115461102
46171890
1888979

